1 0.11875 0.58671875 0.0203125 0.171875
1 0.184375 0.503125 0.02890625 0.15078125
1 0.16796875 0.72890625 0.059375 0.18046875
1 0.06875 0.78125 0.12421875 0.4203125
1 0.2734375 0.25703125 0.02421875 0.3265625
1 0.346875 0.7078125 0.090625 0.584375
1 0.471875 0.4078125 0.0203125 0.125
1 0.61015625 0.53828125 0.02890625 0.2203125
1 0.64140625 0.3453125 0.02890625 0.1578125
1 0.771875 0.4 0.03203125 0.196875
1 0.65625 0.72421875 0.04765625 0.278125
1 0.7171875 0.70078125 0.05078125 0.23515625
1 0.55234375 0.75703125 0.0828125 0.4640625
1 0.83203125 0.5078125 0.0671875 0.4078125
1 0.94375 0.5 0.025 0.20234375
1 0.71953125 0.29140625 0.015625 0.121875
1 0.94453125 0.69921875 0.03671875 0.125
10 0.8375 0.78203125 0.06484375 0.0953125
10 0.89375 0.728125 0.025 0.05859375