10 0.89453125 0.6 0.0078125 0.0140625
1 0.11796875 0.60234375 0.01875 0.22265625
1 0.3203125 0.49765625 0.04375 0.22109375
1 0.1875 0.52734375 0.0328125 0.13515625
1 0.0359375 0.6875 0.0546875 0.2703125
1 0.0859375 0.890625 0.0546875 0.2171875
1 0.3609375 0.80546875 0.053125 0.35625
1 0.6125 0.5203125 0.02890625 0.128125
1 0.65625 0.7203125 0.05703125 0.2359375
1 0.71875 0.7171875 0.05234375 0.22578125
1 0.52421875 0.7421875 0.121875 0.50859375
1 0.953125 0.5921875 0.021875 0.16484375
1 0.27265625 0.284375 0.021875 0.21875
1 0.77421875 0.43046875 0.02890625 0.13046875
1 0.8328125 0.56875 0.053125 0.290625
10 0.8375 0.775 0.046875 0.0484375
10 0.9 0.72421875 0.0453125 0.0703125