10 0.859375 0.6578125 0.00859375 0.0109375
10 0.496875 0.78125 0.00234375 0.00546875
10 0.52421875 0.87109375 0.0046875 0.01015625
10 0.446875 0.321875 0.059375 0.12265625
10 0.2890625 0.31640625 0.02109375 0.03671875
10 0.26953125 0.2203125 0.01015625 0.0109375
10 0.34765625 0.49609375 0.015625 0.02734375
10 0.52109375 0.49609375 0.0390625 0.0515625
10 0.50234375 0.4421875 0.0078125 0.0140625
10 0.79453125 0.75703125 0.00546875 0.00625
10 0.75703125 0.7625 0.00703125 0.0046875
10 0.753125 0.59921875 0.00625 0.00703125
10 0.7609375 0.6234375 0.0046875 0.00859375
10 0.70859375 0.61953125 0.0046875 0.003125
10 0.61796875 0.88671875 0.0046875 0.003125
10 0.59609375 0.91328125 0.0046875 0.0046875
10 0.671875 0.82265625 0.00703125 0.00546875
10 0.59140625 0.73828125 0.12265625 0.121875
10 0.45234375 0.72109375 0.00546875 0.00546875
10 0.44140625 0.69296875 0.0046875 0.00859375
10 0.52421875 0.63515625 0.06640625 0.06171875
10 0.52890625 0.56953125 0.0046875 0.0109375
10 0.3796875 0.54375 0.00078125 0.0109375
10 0.4859375 0.5734375 0.00625 0.01171875
10 0.3953125 0.571875 0.00546875 0.0078125
10 0.43984375 0.48671875 0.00546875 0.00859375
10 0.325 0.4203125 0.00390625 0.003125