10 0.33515625 0.4203125 0.003125 0.00703125
10 0.45078125 0.48671875 0.00390625 0.00546875
10 0.390625 0.53984375 0.003125 0.0046875
10 0.4078125 0.57109375 0.00390625 0.00546875
10 0.45 0.6890625 0.00390625 0.00703125
10 0.4625 0.7171875 0.00390625 0.00703125
10 0.50234375 0.7796875 0.003125 0.00703125
10 0.5296875 0.87109375 0.00546875 0.01171875
10 0.62421875 0.8875 0.0046875 0.00703125
10 0.6765625 0.82265625 0.003125 0.0046875
10 0.76171875 0.76328125 0.00390625 0.00703125
10 0.79765625 0.7546875 0.00390625 0.00703125
10 0.759375 0.5953125 0.0046875 0.00703125
10 0.7671875 0.6234375 0.0046875 0.00625
10 0.71640625 0.6234375 0.00390625 0.00703125
10 0.8625 0.6578125 0.0078125 0.01015625
10 0.590625 0.7359375 0.1359375 0.1265625
10 0.525 0.6078125 0.078125 0.10859375
10 0.45859375 0.321875 0.05703125 0.121875
10 0.29375 0.30859375 0.0203125 0.034375
10 0.2796875 0.2203125 0.00703125 0.01171875
10 0.53046875 0.4703125 0.0515625 0.0859375
10 0.359375 0.496875 0.02265625 0.0328125