1 0.93828125 0.0796875 0.0234375 0.159375
1 0.81640625 0.05 0.01640625 0.09921875
1 0.79609375 0.49609375 0.021875 0.21171875
1 0.6671875 0.6390625 0.02578125 0.2078125
1 0.68203125 0.365625 0.015625 0.32890625
1 0.4359375 0.58125 0.02265625 0.3609375
1 0.190625 0.3109375 0.03203125 0.2296875
1 0.18984375 0.56171875 0.03359375 0.2546875
1 0.95234375 0.4046875 0.03359375 0.2546875
1 0.015625 0.6 0.0078125 0.32734375
1 0.80234375 0.21171875 0.01484375 0.1109375
1 0.8140625 0.33125 0.02109375 0.1109375