1 0.0984375 0.234375 0.03125 0.2546875
1 0.20078125 0.45859375 0.07109375 0.70390625
1 0.3296875 0.36953125 0.04765625 0.2328125
1 0.49140625 0.14375 0.04375 0.22734375
1 0.565625 0.8046875 0.0265625 0.1953125
1 0.5796875 0.60078125 0.02421875 0.15625
1 0.75546875 0.640625 0.021875 0.2828125
1 0.67109375 0.6234375 0.0203125 0.1390625
1 0.88203125 0.640625 0.01953125 0.29375
1 0.98359375 0.42890625 0.0328125 0.1765625
1 0.95 0.85859375 0.021875 0.25703125
1 0.73984375 0.1875 0.0296875 0.21953125
1 0.71171875 0.44296875 0.05 0.2
1 0.88203125 0.17109375 0.0484375 0.28203125
1 0.3546875 0.6390625 0.03046875 0.25859375
1 0.59609375 0.29921875 0.021875 0.2984375