1 0.1640625 0.14921875 0.14375 0.26171875
1 0.11015625 0.8578125 0.11171875 0.27109375
1 0.20625 0.58828125 0.1109375 0.27109375
1 0.29453125 0.33515625 0.10078125 0.2203125
1 0.3796875 0.1046875 0.10703125 0.20859375
1 0.28359375 0.7328125 0.10078125 0.2953125
1 0.27265625 0.9421875 0.04296875 0.1125
1 0.378125 0.8359375 0.05234375 0.1359375
1 0.42578125 0.91328125 0.075 0.16328125
1 0.46875 0.93203125 0.0671875 0.121875
1 0.4203125 0.653125 0.08203125 0.20625
1 0.40546875 0.45625 0.07109375 0.18828125
1 0.3265625 0.725 0.0859375 0.2734375
1 0.5328125 0.71171875 0.090625 0.24453125
1 0.5734375 0.1609375 0.096875 0.225
1 0.48125 0.0953125 0.075 0.1890625
1 0.6078125 0.453125 0.06484375 0.2140625
1 0.50234375 0.3984375 0.0796875 0.23046875
1 0.6671875 0.2359375 0.06328125 0.1734375
1 0.7125 0.0640625 0.04609375 0.128125
1 0.8015625 0.77421875 0.08203125 0.44140625
1 0.89453125 0.178125 0.04921875 0.35390625
1 0.88125 0.52421875 0.0453125 0.3296875
1 0.8796875 0.846875 0.03671875 0.30625
1 0.9328125 0.821875 0.03046875 0.35
1 0.9515625 0.47734375 0.03515625 0.33671875
1 0.971875 0.1546875 0.03671875 0.3078125