1 0.1484375 0.5015625 0.04375 0.2828125
1 0.021875 0.55 0.02734375 0.15546875
1 0.1015625 0.85390625 0.02109375 0.2921875
1 0.384375 0.87265625 0.025 0.13203125
1 0.27578125 0.47890625 0.0234375 0.1734375
1 0.40703125 0.4390625 0.01640625 0.21171875
1 0.396875 0.6890625 0.021875 0.1546875
1 0.75625 0.85 0.02578125 0.1984375
1 0.6078125 0.84375 0.01875 0.1546875
1 0.6578125 0.4421875 0.021875 0.3890625
1 0.5328125 0.4515625 0.025 0.16796875
1 0.78671875 0.41875 0.028125 0.25703125
1 0.915625 0.44921875 0.02421875 0.25546875