10 0.5390625 0.40234375 0.11328125 0.16484375
10 0.5734375 0.27734375 0.06796875 0.08203125
10 0.79375 0.753125 0.1265625 0.13046875
10 0.94609375 0.55703125 0.0921875 0.10078125
10 0.38125 0.1234375 0.10859375 0.1859375
10 0.5890625 0.06953125 0.1734375 0.0875
10 0.73046875 0.2984375 0.18046875 0.11796875
10 0.87734375 0.409375 0.11640625 0.11015625
10 0.940625 0.3328125 0.09921875 0.14765625
10 0.73515625 0.1109375 0.09609375 0.12421875
10 0.62734375 0.90390625 0.12734375 0.128125
10 0.27578125 0.22578125 0.059375 0.1046875
10 0.7125 0.8265625 0.0421875 0.0265625
10 0.8890625 0.66484375 0.0734375 0.05
10 0.17421875 0.2328125 0.01953125 0.06796875