10 0.5515625 0.40234375 0.10625 0.14921875
10 0.5859375 0.29609375 0.06796875 0.0796875
10 0.70625 0.2984375 0.11484375 0.08671875
10 0.36484375 0.10859375 0.0859375 0.1703125
10 0.27421875 0.21640625 0.0796875 0.1375
10 0.1734375 0.28046875 0.03671875 0.17734375
10 0.565625 0.06796875 0.18125 0.09140625
10 0.64609375 0.1453125 0.09765625 0.05546875
10 0.69453125 0.20859375 0.09921875 0.06328125
10 0.85234375 0.37890625 0.11015625 0.11796875
10 0.94375 0.5296875 0.10390625 0.1203125
10 0.77578125 0.7828125 0.121875 0.1234375
10 0.625 0.9125 0.1359375 0.153125
10 0.73671875 0.09375 0.11640625 0.10859375
10 0.8609375 0.23359375 0.1359375 0.1359375
10 0.92890625 0.3265625 0.07734375 0.0890625
10 0.40234375 0.346875 0.10859375 0.08125
10 0.4859375 0.31796875 0.040625 0.05390625