10 0.4453125 0.88046875 0.003125 0.00546875
10 0.45703125 0.65703125 0.0390625 0.03125
10 0.303125 0.66328125 0.0046875 0.00703125
1 0.140625 0.5 0.07734375 0.99921875
1 0.028125 0.8171875 0.0109375 0.096875
1 0.0109375 0.34375 0.01015625 0.10390625
1 0.00703125 0.4375 0.0109375 0.08671875
1 0.0046875 0.521875 0.009375 0.090625
1 0.690625 0.5 0.1046875 0.9953125
1 0.41484375 0.49765625 0.01640625 0.275
1 0.40703125 0.84609375 0.046875 0.29921875
1 0.8171875 0.534375 0.05859375 0.86484375
1 0.90234375 0.7078125 0.01328125 0.18515625
1 0.8640625 0.87734375 0.03203125 0.19296875
1 0.4828125 0.0984375 0.01484375 0.19453125
1 0.47421875 0.3125 0.0109375 0.14609375
1 0.4671875 0.51015625 0.0171875 0.2546875
1 0.24609375 0.5015625 0.0796875 0.996875
1 0.49609375 0.88515625 0.0328125 0.1234375
1 0.415625 0.65625 0.0328125 0.03203125