10 0.03984375 0.52265625 0.01953125 0.078125
10 0.121875 0.49453125 0.0375 0.1046875
10 0.1703125 0.48984375 0.0390625 0.08828125
10 0.2328125 0.43046875 0.02734375 0.0765625
10 0.265625 0.4625 0.028125 0.11015625
10 0.28828125 0.40234375 0.0328125 0.075
10 0.334375 0.4046875 0.03515625 0.10234375
10 0.4375 0.3921875 0.06328125 0.16484375
10 0.37421875 0.44453125 0.03984375 0.196875
10 0.715625 0.44453125 0.0421875 0.140625
10 0.5875 0.31875 0.03984375 0.13515625
10 0.87109375 0.35234375 0.0578125 0.128125
10 0.9234375 0.33046875 0.06484375 0.075
10 0.3984375 0.44453125 0.01640625 0.05